ITERATION 1
	gradient_value = [8 8]
	alpha = 0.50
	step_size = [4. 4.]
	next_point = [-5.32907052e-15 -5.32907052e-15]
	f([-5.32907052e-15 -5.32907052e-15]) = 5.679798517591285e-29
L1 = 5.656854249492388
ITERATION 2
	gradient_value = [-1.0658141e-14 -1.0658141e-14]
	alpha = 0.50
	step_size = [-5.32907052e-15 -5.32907052e-15]
	next_point = [7.09974815e-30 7.09974815e-30]
	f([7.09974815e-30 7.09974815e-30]) = 1.008128475013505e-58
L1 = 7.53644380168213e-15
Reached stop condition at [7.09974815e-30 7.09974815e-30], value = 0.00
