ITERATION 1
	grad c_1 = 1
	gradient_value = 3.9875
	step_size = 0.039875
	next_point = -1.789875
	func c_1 = 1
	f(-1.789875) = -3.569921037029298
L2 = 0.039875000000000105
ITERATION 2
	grad c_2 = 2
	gradient_value = 1.451457546875
	step_size = 0.014514575468749999
	next_point = -1.80438957546875
	func c_2 = 2
	f(-1.80438957546875) = -3.423338642757778
L2 = 0.014514575468749902
ITERATION 3
	grad c_3 = 3
	gradient_value = -5.667651383569112
	step_size = -0.05667651383569112
	next_point = -1.747713061633059
	func c_3 = 3
	f(-1.747713061633059) = -2.4725284930436624
L2 = 0.056676513835691056
ITERATION 4
	grad c_4 = 4
	gradient_value = -12.809053902188303
	step_size = -0.12809053902188303
	next_point = -1.619622522611176
	func c_4 = 4
	f(-1.619622522611176) = -1.477138003273647
L2 = 0.12809053902188294
ITERATION 5
	grad c_5 = 5
	gradient_value = -19.04442901453065
	step_size = -0.1904442901453065
	next_point = -1.4291782324658695
	func c_5 = 5
	f(-1.4291782324658695) = -0.7532145458425131
L2 = 0.1904442901453065
ITERATION 6
	grad c_6 = 6
	gradient_value = -23.45591338885459
	step_size = -0.2345591338885459
	next_point = -1.1946190985773235
	func c_6 = 6
	f(-1.1946190985773235) = -0.32085651858273967
L2 = 0.234559133888546
ITERATION 7
	grad c_7 = 7
	gradient_value = -25.389513993798673
	step_size = -0.25389513993798674
	next_point = -0.9407239586393368
	func c_7 = 7
	f(-0.9407239586393368) = 0.10821941069131012
L2 = 0.25389513993798674
ITERATION 8
	grad c_8 = 8
	gradient_value = 1.654884699074194
	step_size = 0.016548846990741942
	next_point = -0.9572728056300788
	func c_8 = 8
	f(-0.9572728056300788) = 0.08005555265108996
L2 = 0.016548846990741994
ITERATION 9
	grad c_9 = 9
	gradient_value = 1.7491136731966477
	step_size = 0.017491136731966478
	next_point = -0.9747639423620452
	func c_9 = 9
	f(-0.9747639423620452) = 0.04857761126105672
L2 = 0.01749113673196645
ITERATION 10
	grad c_10 = 10
	gradient_value = 1.8504942299875902
	step_size = 0.018504942299875902
	next_point = -0.9932688846619211
	func c_10 = 10
	f(-0.9932688846619211) = 0.01332661190786706
L2 = 0.01850494229987587
ITERATION 11
	grad c_11 = 11
	gradient_value = 1.95974923171261
	step_size = 0.0195974923171261
	next_point = -1.0128663769790471
	func c_11 = 11
	f(-1.0128663769790471) = -0.024576078309217465
L2 = 0.019597492317126042
ITERATION 12
	grad c_12 = 12
	gradient_value = -42.488425694234074
	step_size = -0.4248842569423408
	next_point = -0.5879821200367064
	func c_12 = 12
	f(-0.5879821200367064) = 0.38470319314286044
L2 = 0.4248842569423408
ITERATION 13
	grad c_13 = 13
	gradient_value = 0.037168920448579224
	step_size = 0.00037168920448579226
	next_point = -0.5883538092411922
	func c_13 = 13
	f(-0.5883538092411922) = 0.3846891341107945
L2 = 0.00037168920448582554
Reached stop condition at -0.5883538092411922, value = 0.3846891341107945
